[gstreamer] GStreamer 1.28.1
[profile-factory] trak-timescale=1000000000 movie-timescale=1000000000
[profile-factory] trak-timescale=1000000000 movie-timescale=1000000000
[checkpoint] TP01 finalized=250 unfinalized=50
[capture-fail] boundary-count
[diagnostic] NP01/0 input=300 binding=250 native=250 demux=122 parse=122 scale=1000000000 movieScale=1000000000 mdhdVersion=1 mdhdDuration=8333333333 mvhdVersion=1 mvhdDuration=8333333333 stts=[[2,33333333],[1,33333334],[2,33333333],[1,33333334],[2,33333333],[1,33333334],[2,33333333],[1,33333334],[2,33333333],[1,33333334],[2,33333333],[1,33333334],[2,33333333],[1,33333334],[2,33333333],[1,33333334],[2,33333333],[1,33333334],[2,33333333],[1,33333334],[2,33333333],[1,33333334],[2,33333333],[1,33333334],[2,33333333],[1,33333334],[2,33333333],[1,33333334],[2,33333333],[1,33333334],[2,33333333],[1,33333334],[2,33333333],[1,33333334],[2,33333333],[1,33333334],[2,33333333],[1,33333334],[2,33333333],[1,33333334],[2,33333333],[1,33333334],[2,33333333],[1,33333334],[2,33333333],[1,33333334],[2,33333333],[1,33333334],[2,33333333],[1,33333334],[2,33333333],[1,33333334],[2,33333333],[1,33333334],[2,33333333],[1,33333334],[2,33333333],[1,33333334],[2,33333333],[1,33333334],[2,33333333],[1,33333334],[2,33333333],[1,33333334],[2,33333333],[1,33333334],[2,33333333],[1,33333334],[2,33333333],[1,33333334],[2,33333333],[1,33333334],[2,33333333],[1,33333334],[2,33333333],[1,33333334],[2,33333333],[1,33333334],[2,33333333],[1,33333334],[2,33333333],[1,33333334],[2,33333333],[1,33333334],[2,33333333],[1,33333334],[2,33333333],[1,33333334],[2,33333333],[1,33333334],[2,33333333],[1,33333334],[2,33333333],[1,33333334],[2,33333333],[1,33333334],[2,33333333],[1,33333334],[2,33333333],[1,33333334],[2,33333333],[1,33333334],[2,33333333],[1,33333334],[2,33333333],[1,33333334],[2,33333333],[1,33333334],[2,33333333],[1,33333334],[2,33333333],[1,33333334],[2,33333333],[1,33333334],[2,33333333],[1,33333334],[2,33333333],[1,33333334],[2,33333333],[1,33333334],[2,33333333],[1,33333334],[2,33333333],[1,33333334],[2,33333333],[1,33333334],[2,33333333],[1,33333334],[2,33333333],[1,33333334],[2,33333333],[1,33333334],[2,33333333],[1,33333334],[2,33333333],[1,33333334],[2,33333333],[1,33333334],[2,33333333],[1,33333334],[2,33333333],[1,33333334],[2,33333333],[1,33333334],[2,33333333],[1,33333334],[2,33333333],[1,33333334],[2,33333333],[1,33333334],[2,33333333],[1,33333334],[2,33333333],[1,33333334],[2,33333333],[1,33333334],[2,33333333],[1,33333334],[2,33333333],[1,33333334],[2,33333333],[1,33333334],[2,33333333],[1,33333334],[2,33333333],[1,33333334],[1,33333333]] edits=[["4038366037","0",65536]]
/Users/dhseo/Workspace/mediaServer/scripts/internal/recording_timing_profile_analyze.js:6
function need(v,m){if(!v)throw Error(m)}
                         ^

Error: counts
    at need (/Users/dhseo/Workspace/mediaServer/scripts/internal/recording_timing_profile_analyze.js:6:32)
    at Object.<anonymous> (/Users/dhseo/Workspace/mediaServer/scripts/internal/recording_timing_profile_analyze.js:19:85)
    at Module._compile (node:internal/modules/cjs/loader:1761:14)
    at Object..js (node:internal/modules/cjs/loader:1893:10)
    at Module.load (node:internal/modules/cjs/loader:1481:32)
    at Module._load (node:internal/modules/cjs/loader:1300:12)
    at TracingChannel.traceSync (node:diagnostics_channel:328:14)
    at wrapModuleLoad (node:internal/modules/cjs/loader:245:24)
    at Module.executeUserEntryPoint [as runMain] (node:internal/modules/run_main:154:5)
    at node:internal/main/run_main_module:33:47

Node.js v24.13.0
[exit] capture=1 analyze=1
[evidence] copied=7 verified=true
[cleanup] path=/private/var/folders/k0/qhmr6zdx11q0_41wfx4dsd200000gn/T/media-server-timing-profile.LMno11 bytes=4810157 removed=true
[elapsed] seconds=6 source=bash-SECONDS
